Milli piyango sonuçları gerçekleşti
Az önce milli piyango çekilişi gerçekleşti ve kazanan bilet numaraları teker teker açıklandı.
Az önce milli piyango çekilişi gerçekleşti ve kazanan bilet numaraları teker teker açıklandı.

Şimndi aşağı kısıma bütün bilet numaraları hepsini ekleyeceğiz oradan biletinizi kontrol edebilirsiniz.

19-02-2013 Tarihli Kazanan Tüm Biletlerin Listesi

2000000 TL ikramiye kazanan numaralar

426566

200000 TL ikramiye kazanan numaralar

566044

25000 TL ikramiye kazanan numaralar

139452 240342 272805

10000 TL ikramiye kazanan numaralar

049311 196035 280969 454708 524313

5000 TL ikramiye kazanan numaralar

005863 016080 041426 057519 058394 072919
088542 090494 107315 112446 116150 130465
146823 151319 154952 164999 190280 201838
202195 202563 203345 208033 213995 232142
240788 243312 261353 334253 339778 342598
356125 357187 379903 399905 409412 432795
446179 462401 465058 501543 502013 515870
520752 524128 526029 538009 542035 549555
582747 585987

1000 TL ikramiye kazanan numaralar

017261 025920 028126 041821 045205 050635
059807 060451 066270 068369 068713 070716
077221 085571 088764 113279 116225 120059
120376 129585 130964 136265 143559 150963
152010 188819 195618 195756 204443 215202
216006 229241 235203 239159 241551 248533
249586 250263 253037 256329 263072 264903
268124 271032 273092 281591 287135 292412
294228 296462 298397 300405 310634 311151
314611 329348 341824 349303 351016 356283
357537 357772 363811 369984 387039 395746
399165 399408 406782 408313 418624 420701
426256 448184 462099 468953 473101 476430
477769 479553 481347 484826 487016 501213
501869 502441 502492 503801 514799 521811
534454 545539 549279 565025 579049 585771
589981 593984 598184 598520

250 TL ikramiye kazanan numaralar

000172 005108 005501 012015 012368 013072
013818 014065 015171 017176 020562 032189
032482 036911 038170 042317 042907 051332
052355 059176 062737 066806 070100 070580
076400 081882 083208 096680 104177 105988
109409 114394 117025 117714 126982 127022
130845 132465 136879 138849 142470 148221
148418 150048 151273 158634 160102 163175
166851 171409 171920 174694 176205 177666
186081 186247 187425 190572 194081 194262
195072 199863 202381 204047 204684 206803
208202 224298 229127 239539 240639 243705
245404 247527 257663 259360 261937 263818
264490 270533 270833 271217 271506 273435
281350 284432 286617 287713 295502 295686
296602 298098 298678 300438 307051 308981
310716 311957 313968 321909 322677 327090
329170 329465 333005 333110 357141 360282
361327 362820 363320 365650 366206 374638
376033 378176 378760 385002 389954 390523
392919 394986 401261 402497 406894 407166
407475 411101 414606 415724 420945 423528
426225 426718 428194 429964 434169 436456
438380 443583 444424 446192 446808 449170
449839 450811 454120 454713 457766 462299
462728 467588 474989 476715 477195 478022
479416 483554 487935 489850 490636 494611
498645 501518 501962 507476 507613 509945
516194 516840 516903 517674 520019 522181
532142 535236 536561 537562 540251 543395
545653 546474 551654 552420 552991 554502
557423 566795 568621 568720 571308 574070
574217 575563 581617 584916 586611 590557
596505 597721

Son 5 rakamına göre 100 TL ikramiye kazanan numaralar

02932 03216 04192 04463 05514 06169
12143 12449 13707 13971 14060 18194
20137 21221 23434 23715 24329 25052
26500 28434 29040 30050 35330 35546
36166 36245 39417 46918 48456 49501
52438 53374 56575 58592 58719 62347
64043 65916 66945 68070 68816 73225
78675 80966 88504 88983 91710 92621
98277 99764

Son 4 rakamına göre 80 TL ikramiye kazanan numaralar

0093 0125 0364 1325 1476 1825
2619 2747 3443 3571 4147 4624
5249 5504 6553 6557 6921 9016
9928 9991

Son 3 rakamına göre 50 TL ikramiye kazanan numaralar

002 058 084 294 320 582
626 642 805 935

Son 2 rakamına göre 32 TL ikramiye kazanan numaralar

11 19 22 51 91

Son 1 rakamına göre 16 TL ikramiye kazanan numaralar
1 6

2000 TL Teselli ikramiyesi kazanan numaralar

026566 126566 226566 326566 406566 416566
420566 421566 422566 423566 424566 425566
426066 426166 426266 426366 426466 426506
426516 426526 426536 426546 426556 426560
426561 426562 426563 426564 426565 426567
426568 426569 426576 426586 426596 426666
426766 426866 426966 427566 428566 429566
436566 446566 456566 466566 476566 486566
496566 526566