Milli Piyango'nun sonucu + süper loto sonuçları yapılıyor..
Bugün birazdan hem Milli Piyango sonuçları hemde Süper loto çekilişi ve sonuçları açıklanacak.
Bugün birazdan hem Milli Piyango sonuçları hemde Süper loto çekilişi ve sonuçları açıklanacak.
Milli Piyango Süper Loto sonuçları çekilişi yapıldığı an burada olacaktır.

Bu arada merak ile beklenen Milli Piyango sonuçları belli oldu işte kazandıran numara ve rakamlar..

2000000 TL ikramiye kazandıran numaralar
417504

200000 TL ikramiye kazandıran numaralar
283572

25000 TL ikramiye kazandıran numaralar
048771 330095 501244

10000 TL ikramiye kazandıran numaralar
058605 247952 306807 450641 563650

5000 TL ikramiye kazandıran numaralar
003621 004634 006472 012033 036194 050123
051814 060027 090142 108075 109832 118876
132220 142313 160239 173864 180937 183327
195491 214924 248059 253981 257903 271595
274058 282441 295111 297836 311729 316663
322616 347487 371029 385782 406052 410912
433184 447121 468594 469469 478255 493102
510152 521266 566914 571545 580179 582715
583303 595455

1000 TL ikramiye kazandıran numaralar
001461 010115 011317 018461 019060 026025
027218 034825 043157 065648 066172 068907
072570 075328 082233 083512 089944 101595
114380 142761 152777 154885 166742 168074
168980 170522 173758 177090 178113 187365
189121 192701 192900 198658 204810 206051
210842 211035 220323 223869 226631 227772
229808 236512 247216 250786 252325 270789
272591 273635 311117 311742 313380 316096
322251 336675 344141 344950 351697 353453
354014 360260 376523 386031 388376 400048
401751 411653 421108 429030 429096 439761
442159 446451 462684 463547 463991 466265
472602 476052 493713 502743 503406 503992
504635 507175 508310 511925 512046 520584
534001 534701 538545 541715 561019 565957
566083 576134 581017 592316

250 TL ikramiye kazandıran numaralar
003681 003682 006905 007053 011121 013977
015456 019028 019882 020053 023068 029192
030436 035105 035918 040440 041407 045909
046629 050771 052502 057697 062301 062722
067630 067806 077671 097916 099672 101431
101655 102271 105748 107961 111620 112391
115792 118133 121612 123446 124441 125012
130026 132211 132528 133172 136940 138125
138215 140191 143867 148025 149235 149870
152401 155434 161503 163557 172311 175057
175239 177961 178208 180474 184710 184805
188645 196970 197130 199049 202011 203083
204151 205354 208490 208822 211549 211620
212725 213622 214002 219475 221157 222612
223132 228961 230106 230289 230460 230567
230611 234682 235903 236351 238968 240564
243316 246127 249446 250442 252207 254344
256985 257734 261922 266449 273546 274385
276476 282013 286777 287629 288328 290410
291756 291762 294927 296364 302013 304221
307824 312329 317670 320753 321609 321611
323212 334424 334756 343701 345085 352388
353740 357706 358178 367792 370169 375713
379794 381269 381837 384250 392268 395752
397326 400140 405747 409763 409897 412372
412835 415884 424104 426960 428349 446287
446310 447276 447615 451856 454413 462075
471922 480678 483991 486094 491181 497642
502091 503373 503745 504388 506952 517279
519638 520210 530097 533697 535853 539726
541326 542439 546459 547804 548590 552038
554499 555904 560319 560410 561865 570026
571295 580404 585436 589519 589767 592207
593371 594805

Son 5 rakamına göre 100 TL ikramiye kazandıran numaralar
00947 02486 02662 04162 05530 09301
09665 13119 13500 18918 20347 20431
21348 24073 24119 25393 26769 27221
27841 29819 31754 33739 34483 35612
35678 36752 39269 40022 41109 42394
46064 47109 51360 55829 57280 61881
63011 63104 74119 77828 80012 80744
80831 81157 88911 90334 91876 92998
95421 97748

Son 4 rakamına göre 80 TL ikramiye kazandıran numaralar
0242 0318 0975 1614 2423 2572
2891 3425 3991 4232 4438 5294
5513 7048 7954 8420 8425 9349
9762 9927

Son 3 rakamına göre 50 TL ikramiye kazandıran numaralar
055 296 376 397 415 456
508 607 774 840

Son 2 rakamına göre 32 TL ikramiye kazandıran numaralar
43 75 87 94 99

Son 1 rakamına göre 16 TL ikramiye kazandıran numaralar
4 8

2000 TL Teselli ikramiyesi kazandıran numaralar
017504 117504 217504 317504 407504 410504
411504 412504 413504 414504 415504 416504
417004 417104 417204 417304 417404 417500
417501 417502 417503 417505 417506 417507
417508 417509 417514 417524 417534 417544
417554 417564 417574 417584 417594 417604
417704 417804 417904 418504 419504 427504
437504 447504 457504 467504 477504 487504
497504 517504

daha fazla haber ve bilgi için diğer haberlerimize bakınız..