Milli Piyango'nun sonuçları çekilişi belirlendi !
Milli Piyango tarafından gerçekleştirilen Milli Piyango çekildi ve işte 9 mart cumartesi Milli Piyango şanslı numaraları.
Milli Piyango tarafından gerçekleştirilen Milli Piyango çekildi ve işte 9 mart cumartesi Milli Piyango şanslı numaraları.

9 Mart 2013 çekilişinde büyük ikramiye kazanan numara 228211 . Talihliye ikramiye olarak 2000000 TL isabet etti.

Kazanan diğer numaralar ise şu şekilde ; 

09-03-2013 Tarihli Kazanan Tüm Biletlerin Listesi
2000000 TL ikramiye kazanan numaralar 
228211
200000 TL ikramiye kazanan numaralar 
063417
25000 TL ikramiye kazanan numaralar 
009722 198767 205319
10000 TL ikramiye kazanan numaralar 
161996 230187 360423 479641 556758
5000 TL ikramiye kazanan numaralar 
000167 005911 023582 025601 030173 103006
107780 128553 141755 165434 172060 173915
186512 202905 220058 234062 239172 241232
241251 268469 275019 280418 283677 290842
295985 318516 320562 327369 329208 366444
366570 378864 381622 392860 406212 406744
410827 417158 430249 440143 441875 451120
464708 486446 518306 541921 545172 548525
557423 590594
1000 TL ikramiye kazanan numaralar 
002813 005426 017128 019697 026144 041828
044444 047813 053297 053784 060047 067235
082144 096966 103704 109868 121952 131426
138140 143825 155102 157474 161266 161534
162211 165346 165786 177435 178256 181472
190442 209744 221019 224370 242832 244788
251914 258364 262042 262126 266130 269319
282855 291649 295743 296157 298128 304080
310218 312561 315984 320539 326182 329211
334138 335491 342862 358259 361838 365941
392587 406492 407089 408541 422953 430300
432064 432642 447933 458206 460680 474698
477422 485931 491473 493852 497528 498809
500281 502872 503917 509291 510103 510114
510403 510429 518128 519743 531673 533861
538490 541630 545623 545696 547905 562692
570442 571842 572562 584962
250 TL ikramiye kazanan numaralar 

 
000879 001963 010990 011010 011203 015385
018519 021002 021917 024171 030538 031534
037446 041113 043352 044326 048104 049499
050510 050690 051496 055262 060988 065361
072012 076367 077236 077653 090120 091092
095174 096004 097421 106197 109899 114463
115964 115967 116410 117639 118377 118645
120171 120421 120584 122308 126691 131237
135119 138669 141251 151570 154597 155554
160260 163808 164521 169842 172558 174832
175352 175927 176755 177223 180720 183321
186243 190631 192641 194262 199816 199904
202576 204958 215499 225870 229390 231533
231729 232485 232662 233532 234156 234488
235062 236984 241384 244476 261043 261130
262052 262523 262614 264401 265092 272003
274538 277266 280549 283856 283948 285980
290823 291394 292263 293554 293646 295452
296512 298172 306631 306761 308546 308803
308897 308990 314199 316166 320000 320416
324801 327164 336489 343587 345498 347721
350329 350531 350572 361004 373004 373272
379126 383017 390919 392300 392499 393496
394442 397172 406982 409577 410517 412314
414188 417511 424601 426563 429589 430801
431292 435829 436488 437746 451341 453391
456481 461893 467635 471998 472571 475629
481511 482500 486783 491545 492089 497341
510702 511218 515655 515678 521233 521950
525526 527949 528144 529726 533502 536520
536646 540526 540599 551837 552738 560887
569029 571880 571992 573726 578115 584408
584509 585509 588090 591537 592271 593038
594319 594732
Son 5 rakamına göre 100 TL ikramiye kazanan numaralar 
01231 01535 02959 05995 10102 12483
14588 16688 19016 19061 19368 20260
20373 21060 21247 25021 28550 29911
30180 30890 36406 36844 38320 38372
40067 41505 45130 45446 46402 51707
51768 57387 60002 66751 68003 73704
74853 80468 82532 83026 83108 83767
84114 86580 90636 91236 91359 95926
98411 99627
Son 4 rakamına göre 80 TL ikramiye kazanan numaralar 
0050 0718 1227 1325 1412 1592
1799 2044 2161 2917 3596 4669
6300 6524 7066 7106 7251 8437
8604 8809
Son 3 rakamına göre 50 TL ikramiye kazanan numaralar 
037 062 181 192 521 628
687 732 792 866
Son 2 rakamına göre 32 TL ikramiye kazanan numaralar 
04 15 18 72 85
Son 1 rakamına göre 16 TL ikramiye kazanan numaralar 
2 8
2000 TL Teselli ikramiyesi kazanan numaralar 
028211 128211 208211 218211 220211 221211
222211 223211 224211 225211 226211 227211
228011 228111 228201 228210 228212 228213
228214 228215 228216 228217 228218 228219
228221 228231 228241 228251 228261 228271
228281 228291 228311 228411 228511 228611
228711 228811 228911 229211 238211 248211
258211 268211 278211 288211 298211 328211
428211 528211